Solução Original: [12, 4, 29, 3, 42, 9, 20, 10, 14, 26, 18, 45, 27, 31, 36, 23, 6, 13, 49, 5, 2, 25, 48, 17, 46, 15, 11, 19, 7, 1, 30, 22, 28, 38, 21, 24, 39, 32, 16, 44, 37, 33, 34, 35, 0, 40, 43, 8, 41, 47, 12]
Distância Original: 2727km

Hill Climbing	Simulated Annealing

959				631
1035				612
1200				652
1101				757
936				688
852				602
842				747
1129				670
988				699
1085				676
1259				584
1021				689
1262				742
1006				694
940				678
1001				607
1118				602
1009				668
1135				757
915				663
1162				644
990				754
1254				660
887				798
1060				652
1294				700
1181				633
1036				712
1079				725
1145				818
1403				634
861				550
961				782
1003				655
1047				671
1262				784
1123				744
1087				572
966				675
1048				584
1219				715
944				804
1262				655
953				699
1053				721
1272				786
1152				768
1165				581
1104				676
929				831
1146				600
1003				640
1000				634
1331				738
1001				690
1018				659
1098				591
1213				674
1084				677
1137				632
1040				695
1150				679
1122				661
1105				603
943				596
1145				637
966				723
1214				659
970				738
1167				646
1165				663
1132				593
1134				673
1195				773
1314				669
1223				665
961				653
1036				595
1175				696
986				680
912				621
1024				655
924				603
1180				614
841				555
1148				730
975				601
991				597
915				645
999				654
1144				558
982				590
975				633
1123				736
933				759
1259				671
1058				649
954				724
961				638
954				762
1189				678
1232				643
1100				749
951				597
865				644
1182				569
958				610
1116				645
1094				830
1151				642
955				605
1072				675
1161				649
1072				759
1027				822
942				663
987				669
1152				539
932				610
1134				719
942				759
1067				654
959				780
951				720
995				669
1086				739
1228				563
1001				725
1257				749
1124				652
1251				704
1175				793
1132				678
1073				728
927				848
1193				647
1070				594
1297				705
971				866
1182				682
1052				635
1154				771
1050				663
1151				556
996				702
880				732
1031				750
1350				729
1327				715
1172				706
1010				679
999				701
1070				633
949				640
1166				766
996				616
1189				597
945				679
1152				661
1113				650
1142				684
1173				683
1034				790
1025				680
1214				809
1028				619
1196				779
915				675
1194				625
869				667
1305				589
949				573
935				569
1237				741
987				740
1168				694
1358				681
988				707
1136				698
1050				591
850				657
1046				665
1295				664
1143				749
1190				727
1066				599
1248				667
1086				753
1131				657
1030				582
1095				795
1253				764
1164				732
1012				755
1017				753
1024				666
1102				669
1081				810
1332				703
1162				694
1286				606
1064				691
1141				634
1175				580
1222				676
892				610
964				683
1093				664
903				741
1147				694
967				672
1207				683
1045				535
1113				811
1019				737
919				667
1070				668
860				681
1178				705
968				722
1182				648
1162				659
1292				667
1079				609
1002				588
969				667
1107				586
1077				654
949				648
1130				675
1061				692
1027				681
1129				687
1037				664
865				679
1165				648
1050				768
1149				728
1074				718
1228				593
1112				717
1085				758
1016				687
1134				678
842				650
1150				611
1240				672
1255				628
1283				780
1279				697
1161				610
960				619
1054				827
848				720
1167				623
1008				664
895				637
1100				654
1098				678
951				759
970				696
1092				692
1185				592
1088				633
944				763
984				557
1012				601
1236				690
950				656
1225				728
1104				648
1159				571
1210				759
1193				669
1071				775
1177				629
1076				683
1059				610
890				678
947				756
1099				779
1044				751
1204				746
1070				632
1211				731
910				564
1031				678
1032				791
1408				608
1275				809
1171				667
1060				709
1141				569
963				747
872				760
858				613
1046				720
1316				727
1125				783
1102				763
1120				633
879				686
959				627
1083				830
1061				622
1095				642
1311				645
1028				791
1096				664
974				767
1339				628
1058				745
1246				541
959				690
1088				685
1268				647
939				762
1050				659
1168				638
965				730
1004				704
1338				752
1494				658
1093				634
1399				789
1035				623
1014				604
1148				807
1224				594
989				797
1034				598
1428				632
1403				732
1077				496
1213				729
1071				596
1307				615
1015				695
959				654
1127				770
1317				671
1214				588
896				761
1208				666
1115				618
1077				818
1059				720
948				704
1105				749
1060				724
982				792
1014				664
1082				673
1084				606
1074				679
887				715
1097				672
1179				716
1003				642
833				597
1022				799
1022				754
969				608
1209				618
906				857
897				830
1027				698
1067				686
1083				644
943				703
1067				656
1000				634
1066				823
1090				679
1006				674
994				731
1049				657
1112				801
1071				673
1207				667
1065				747
1081				781
948				648
918				657
1179				703
1293				702
1076				707
1088				526
1060				690
1006				593
988				711
972				680
1123				661
907				669
1117				640
1012				727
1076				586
798				699
1013				728
1057				704
1151				461
938				643
990				836
956				679
1037				721
1193				663
1092				647
1042				655
1065				801
1097				714
948				890
1187				708
1143				590
994				569
1159				708
1053				715
992				715
1169				700
1118				725
1190				649
1071				712
1044				715
1129				646
1085				688
931				716
1028				687
1126				693
1008				608
1003				620
1037				718
1061				733
972				670
1187				694
1208				691
979				651
1199				765
1035				672
892				681
1159				650
946				695
1169				693
1136				686
1255				722
1097				695
1188				774
1053				689
1170				698
1203				600
1151				657
1250				806
1150				629
981				640
1083				726
1199				688
1371				668
929				605
859				447
1059				677
1064				739
1223				619
1167				590
1105				630
1011				653
1181				690
941				750
986				653
1300				845
1037				514
962				594
1040				598
1094				795
1220				702
1075				610
1164				569
847				666
1111				668
1063				749
971				690
1123				635
1095				588
1333				603
1203				586
1027				751
976				798
979				664
995				786
963				653
1240				658
1122				743
911				623
953				781
842				774
1197				629
1172				608
1189				694
1601				667
1272				646
1038				708
978				663
1198				754
1058				657
1005				736
1099				640
1087				649
1091				674
1382				643
1049				821
1265				689
1066				737
948				700
999				575
945				605
1038				668
1028				684
1094				679
1010				663
1053				648
961				758
1220				629
1061				809
1249				698
1106				594
1165				763
954				781
1116				750
1074				674
1364				765
996				600
1008				625
1004				613
1177				561
1032				727
1022				676
1125				680
999				747
1127				655
996				638
1050				699
957				725
1246				652
1124				751
1106				667
1256				615
1100				682
1286				547
1107				740
1175				837
980				739
1029				655
883				569
934				750
1065				711
998				634
1154				695
1056				707
1233				627
1200				729
1146				724
1088				689
988				694
943				782
1076				754
1105				711
928				638
842				653
1208				638
1132				739
1098				607
1259				754
1009				656
991				623
1133				722
918				680
1003				673
1070				700
958				744
1037				721
998				637
1282				680
1023				730
1215				751
1229				658
1200				593
1308				892
1100				689
1069				630
1044				710
1034				703
1114				832
1126				602
1194				656
1386				664
1113				783
1197				607
1058				768
1381				681
1030				761
1176				642
1072				766
1032				665
891				646
1285				626
1305				744
866				610
1030				871
1053				729
1071				627
1268				645
898				684
1127				758
1037				689
1229				743
1227				591
970				703
1121				735
1197				566
854				689
1084				663
993				687
1196				591
953				643
1419				632
1096				636
1396				750
1019				654
1128				608
890				689
1049				674
968				684
1082				811
795				727
859				627
1075				623
922				642
1177				689
991				665
1001				755
1131				711
921				755
853				733
929				671
1035				708
975				756
1100				713
1132				721
1215				724
1097				761
1028				620
874				665
978				706
1316				640
1279				798
993				655
1204				616
957				651
865				843
1131				573
1055				686
832				697
1082				784
1156				649
990				689
1162				698
1087				639
993				688
1103				615
1138				726
1009				697
921				680
1171				668
949				703
919				651
922				686
1172				693
1020				722
1326				713
997				723
1349				636
884				705
1202				685
1054				778
1141				633
1265				702
1245				684
1217				688
981				708
1168				678
1180				672
962				729
1184				741
1466				640
1290				625
1161				576
1094				707
984				621
1283				712
1305				657
1112				835
1063				741
1112				602
1177				732
1001				627
1244				649
1036				654
1447				583
748				636
1188				652
1136				719
1024				599
1154				694
1122				673
1253				686
1257				778
1134				682
971				716
1310				649
935				712
1003				692
1215				651
1048				620
1092				781
1064				714
1148				570
1203				668
974				701
993				685
1177				750
1110				779
1011				685
1240				629
1039				634
1170				658
1122				622
1031				802
1107				580
908				722
1055				624
988				633
1144				702
1091				778
822				625
898				716
1037				668
1040				582
1151				744
1088				605
1103				646
1228				674
1106				710
1053				607
1007				763
1302				665
1090				659
1072				779
1067				617
906				720
1017				723
1081				685
1012				738
1003				696
1231				708
1229				762
987				674
1046				678
1154				707
1200				626
1073				677
1116				748
1043				654
1168				716
1151				645
1007				766
1310				721
1019				678
1119				613
1290				642
888				761
1120				718
987				671
1198				655
1173				766
1251				705
1113				645
1161				657
1003				603
897				641
1261				701
1236				751
1243				735
1098				660
1479				674
1182				656
1224				622
1057				750
878				704
1001				736
1206				651
937				587
1169				620
1080				640
865				727
1088				746
961				722
1146				636
1115				862
1040				684
1274				710
1153				698
1090				689
1245				649
1073				713
1116				637
968				707
791				712
1159				739
1220				681
1123				814
1100				601
1196				670
907				645
1076				680
1612				677
1259				652
1138				650
916				661
956				650
1269				739
1106				667
982				672
1020				691
1252				751
1004				725
883				752
1015				729
1129				781
932				745
970				657
1205				610
1173				665
928				788
1036				519
1021				791
1045				621
1044				694
1207				633
1031				728
1179				728
1077				764
1127				668
1065				706
1245				658
1047				817
1305				667
950				700
1089				636
1012				648
1103				546
1168				647
1288				682
1109				692
1015				692
1133				677
1004				725
875				607
1006				576
950				626
1049				691
1189				782
1027				657
1262				614
1208				782
1277				676
1084				620
957				672
932				595
1069				647
1198				679
1385				669
1317				688
897				707
1204				660
910				703
881				709
986				676
1042				550
1085				653
1175				643
1375				597
1383				659
1135				585
841				740
1113				615
1185				732
1055				699
1278				685
1018				758
1073				708
1331				732
1045				651
986				636
821				619
1006				760
1018				661
1275				690
928				662
1085				607
1109				647
1174				734
1187				802
1036				689
1302				554
921				616
1128				734
1019				652
1119				695
925				686
1188				796
1045				645
994				758
852				669
1321				708
1195				742
974				659
1087				665
1224				643
1185				575
1011				722
1149				680
869				688
1198				668
1273				689
1173				638
1104				643
1174				728
1121				597
1110				678
1172				682
1093				698
1141				495
1186				741
975				535
1125				665
1109				841
1142				691
1111				668
994				857
1057				623
885				790
986				574
1056				703
1097				668
994				805
1202				654
998				725
926				771
887				623
1028				695
1012				751
1223				727
923				518
1107				614
1078				615
1013				648
1174				641
1167				785
1236				794
1201				561
1269				692
1398				660
1037				747
1111				667
1081				665
988				568
1106				774
1325				657
1054				635
1201				631
1135				768
1048				742
1512				704
886				645
1074				684
1220				652
1057				742
1227				721
1060				746
1126				656
984				593
1079				633
1089				601
928				674
1359				674
1079				684
1032				648
1014				596
951				708
1014				589
1083				733
1126				534
1172				744

Melhor solução Hill Climbing: [12, 2, 0, 20, 42, 30, 3, 10, 4, 44, 18, 41, 5, 26, 36, 27, 14, 13, 49, 7, 6, 37, 47, 40, 45, 46, 11, 34, 43, 15, 17, 22, 31, 8, 32, 24, 19, 21, 16, 28, 39, 33, 25, 35, 23, 1, 9, 38, 48, 29, 12]
Menor distância Hill Climbing: 748

Melhor solução Simulated Annealing: [12, 17, 29, 3, 1, 9, 6, 8, 32, 41, 18, 45, 40, 2, 47, 23, 37, 43, 49, 5, 15, 7, 35, 0, 46, 4, 24, 19, 42, 21, 30, 22, 44, 38, 48, 11, 34, 14, 16, 28, 20, 33, 25, 39, 26, 27, 13, 10, 36, 31, 12]
Menor distância Simulated Annealing: 447