Solução Original: [21, 4, 44, 33, 6, 18, 25, 42, 37, 28, 38, 35, 20, 30, 0, 34, 32, 47, 17, 11, 16, 48, 15, 24, 46, 10, 2, 1, 49, 7, 9, 41, 3, 13, 14, 29, 19, 5, 31, 36, 23, 8, 22, 39, 40, 12, 26, 43, 45, 27, 21]
Distância Original: 4601km

Hill Climbing	Simulated Annealing

1951				1228
1851				1325
2037				1272
2005				1345
2298				1450
2148				1233
2113				1474
2404				1538
1798				1244
2109				1494
2273				1490
2029				1127
2001				1281
2066				1294
1964				1292
1842				1317
2054				1209
1843				1415
1829				1338
1820				1391
1920				1669
2400				1505
2145				1364
2400				1377
2132				1455
2337				1351
2469				1314
1817				1606
2203				1525
2177				1261
2268				1382
2691				1423
2041				1373
2062				1306
2395				1357
2306				1423
2318				1331
1965				1397
2301				1350
2040				1438
2097				1410
2092				1275
1872				1454
2031				1395
2566				1518
2006				1639
2611				1222
1955				1146
2160				1261
2153				1424
2347				1409
1874				1443
2584				1127
1948				1395
1541				1207
2273				1394
2273				1594
2298				1518
1962				1453
2368				1211
2442				1332
2180				1206
2014				1511
1974				1535
2518				1224
2211				1168
2177				1392
1989				1609
1860				1206
2597				1325
2196				1233
2121				1393
2126				1493
1992				1232
1999				1508
2034				1105
1921				1252
2441				1385
2110				1328
2042				1488
2305				1361
2356				1418
2574				1342
2528				1386
2473				1515
2283				1374
2194				1498
2413				1373
2342				1345
2167				1425
2177				1405
2182				1112
2533				1374
1928				1444
2116				1296
1976				1553
1752				1446
2173				1196
1936				1245
2057				1382
2242				1453
1967				1385
2119				1341
2369				1287
1928				1362
2212				1297
2131				1368
2237				1305
2182				1372
1991				1273
2334				1203
1653				1258
2658				1247
1995				1340
2006				1507
2235				1449
2334				1159
2215				1467
1872				1279
2481				1446
2197				1236
2161				1409
2125				1298
1931				1313
2302				1344
2435				1253
2181				1281
1676				1422
1811				1406
2196				1350
2048				1546
2188				1210
1808				1349
1961				1536
2373				1468
2277				1542
1952				1269
2401				1405
2327				1368
2174				1313
2526				1519
2117				1466
2545				1410
1671				1280
2337				1170
1995				1254
2276				1491
2355				1399
2250				1491
2146				1271
1877				1080
1937				1239
1892				1153
2219				1402
2025				1394
2176				1303
2224				1195
2110				1497
2255				1441
2297				1103
2087				1244
2157				1449
1938				1499
2180				1360
1583				1484
1688				1343
2403				1143
2203				1373
1824				1262
2278				1295
2212				1056
2760				1509
2088				1374
2984				1547
2099				1483
2214				1490
1757				1167
1962				1484
2146				1450
2057				1152
2172				1411
2050				1316
2112				1356
2220				1287
1850				1200
2051				1533
2126				1586
2018				1364
2186				1461
2171				1464
1855				1543
2400				1307
2446				1400
2185				1385
1793				1270
1851				1286
2331				1293
1776				1523
1914				1276
2148				1289
2270				1352
2071				1257
1928				1290
1999				1270
1952				1434
1909				1441
2370				1307
2736				1324
2250				1266
1781				1443
2190				1498
2067				1541
2040				1341
1587				1409
2188				1167
1986				1529
1960				1391
1789				1509
1926				1399
2269				1446
2375				1456
1529				1423
2155				1419
2547				1312
2476				1389
2037				1450
1939				1394
1950				1588
2212				1303
2154				1331
2423				1198
1873				1268
2435				1327
2141				1250
1943				1385
2046				1060
2436				1185
2382				1221
2034				1388
2499				1399
2102				1368
1777				1534
2091				1322
2339				1344
1993				1348
1930				1425
2197				1411
2162				1556
2520				1311
1994				1264
1811				1530
1839				1326
1924				1244
2283				1421
3010				1488
2098				1024
2364				1312
1955				1532
2449				1323
1897				1302
1906				1611
2060				1429
2274				1403
2149				1366
2205				1366
2333				1413
2298				1424
2234				1402
1914				1222
2336				1482
2745				1395
2465				1476
2049				1354
2138				1424
2532				1497
2367				1439
2278				1550
2018				1280
2016				1328
2454				1644
1928				1515
1806				1318
1954				1547
2568				1492
1964				1582
1844				1352
2423				1343
2084				1537
2599				1341
2396				1365
2288				1471
1886				1207
2764				1394
2431				1301
2136				1269
1909				1467
2449				1398
2030				1169
2470				1314
2030				1340
1912				1358
2238				1331
1874				1393
1617				1132
2081				1187
2407				1372
1933				1449
2133				1218
1941				1440
1961				1247
1952				1411
2447				1291
2223				1541
2334				1537
2200				1535
2264				1363
2043				1187
2207				1283
1727				1512
1664				1490
2042				1515
2242				1405
2301				1307
2263				1170
2115				1299
2213				1518
1964				1582
2267				1231
2144				1332
1993				1181
2060				1330
1717				1425
2150				1476
2339				1457
2228				1303
2329				1339
2417				1407
2279				1285
2225				1526
2259				1314
2042				1346
1969				1610
1722				1285
1947				1284
2128				1233
2441				1201
2152				1148
2157				1468
2049				1515
1998				1467
2246				1209
2083				1533
2420				1341
2074				1305
2210				1572
2386				1637
2354				1287
2414				1324
2181				1511
1848				1401
2084				1259
2297				1367
1940				1319
2086				1238
2591				1727
2939				1533
2387				1668
1773				1221
2761				1490
1942				1301
2272				1421
2510				1350
2043				1279
2153				1631
2149				1500
1854				1349
2193				1168
2381				1561
2078				1450
1862				1296
2552				1415
2385				1423
2376				1328
1844				1301
2257				1302
2083				1264
2147				1299
2046				1490
1890				1244
2193				1315
1825				1524
1701				1417
1667				1396
2081				1460
2240				1158
2095				1274
2073				1138
2299				1336
2231				1223
1905				1319
2380				1509
1859				1656
2017				1346
2320				1504
2252				1322
2431				1524
2261				1363
2117				1381
2429				1407
1976				1440
2270				1246
2428				1332
2045				1337
2584				1313
1905				1331
1870				1266
2024				1384
2413				1151
1651				1457
2255				1347
1964				1841
1920				1290
2302				1349
2194				1366
2420				1486
2226				1449
1858				1196
1998				1442
2093				1594
1925				1107
1776				1311
1922				1551
2504				1317
2325				1098
2113				1488
2232				1331
2771				1188
1753				1472
2776				1386
2288				1236
2265				1334
2503				1262
2142				1471
1678				1258
2422				1526
2080				1277
2313				1426
2024				1410
2154				1376
2424				1285
2105				1467
2268				1427
1927				1295
2199				1581
2279				1408
2106				1450
2159				1397
1862				1398
2027				1370
2348				1264
2142				1382
2282				1442
2187				1585
2196				1356
2345				1401
1921				1184
2333				1323
2201				1300
1915				1616
2270				1462
2368				1311
2300				1243
2464				1238
2702				1390
2431				1535
1924				1379
2002				1423
2261				1362
2481				1284
2302				1397
2008				1280
2106				1266
1922				1371
2210				1307
2184				1214
1838				1261
2612				1676
2091				1394
2206				1413
2324				1244
1988				1186
2127				1142
2226				1328
2124				1439
2459				1598
1704				1192
2069				1374
2065				1324
1857				1272
1997				1476
2770				1398
2464				1402
2029				1248
2412				1270
2512				1474
2370				1236
2135				1423
2286				1380
2348				1456
2293				1418
1954				1379
2013				1167
1980				1302
2514				1333
2164				1417
1937				1411
2413				1339
1945				1524
2410				1315
1965				1197
1754				1470
2097				1516
2467				1463
1833				1366
2738				1103
2165				1626
1750				1467
2468				1307
1949				1295
2203				1145
2517				1173
2121				1397
1990				1372
2508				1398
2081				1529
2211				1520
1764				1160
2135				1252
1953				1346
2005				1113
2202				1218
2626				1156
2162				1280
2132				1501
2363				1386
2288				1357
2248				1207
2113				1578
2180				1404
1986				1219
2238				1432
2295				1441
2242				1273
2034				1747
2102				1267
2381				1266
2000				1546
2017				1406
2510				1422
2368				1553
2457				1387
2335				1359
2178				1496
2484				1591
1858				1175
1891				1448
1944				1493
2136				1357
2299				1375
2044				1523
1846				1384
2111				1315
1592				1293
2015				1543
1500				1368
2164				1352
2059				1285
2067				1447
2008				1539
2301				1533
2372				1457
2174				1483
2539				1480
2154				1279
2516				1162
2203				1213
2134				1536
2361				1543
1928				1303
2647				1344
2192				1294
2344				1335
1984				1521
2044				1258
2480				1302
2172				1461
2020				1281
2187				1287
2051				1342
2308				1398
2312				1392
2162				1375
1762				1395
2484				1409
2108				1145
2520				1338
2467				1603
2499				1411
2025				1364
2301				1179
2452				1599
2030				1330
1997				1650
1944				1341
2107				1321
2191				1152
2305				1438
1970				1224
2033				1305
2008				1488
2332				1357
1996				1329
2223				1273
2020				1309
1840				1368
2352				1420
1993				1565
2367				1352
2430				1461
1922				1435
1973				1524
1890				1448
1786				1248
1822				1441
2244				1285
2261				1398
2523				1349
1981				1437
1964				1277
1861				1437
2211				1209
2275				1483
2089				1510
2018				1236
2350				1444
2414				1314
1815				1388
2117				1236
1859				1280
2408				1268
1952				1284
2234				1339
1810				1260
2193				1281
2186				1461
2579				1183
2021				1349
2300				1442
2441				1171
2287				1432
1791				1308
2193				1330
2192				1170
2344				1446
2352				1501
1872				1351
2490				1373
2077				1325
2062				1343
2325				1387
1971				1403
1902				1784
2016				1401
2392				1470
2592				1249
2705				1398
2311				1211
2545				1480
1957				1111
2072				1275
2007				1532
2403				1457
2311				1299
1922				1203
1704				1415
2220				1227
1885				1324
2466				1472
2346				1479
2381				1385
1945				1567
1786				1376
2348				1199
2621				1253
2620				1208
1952				1231
2027				1205
2675				1434
1812				1302
1950				1353
1541				1354
2265				1608
2852				1396
2103				1523
2148				1490
2014				1554
1792				1656
1740				1640
2111				1317
2407				1234
2006				1266
1993				1344
2117				1237
1914				1315
2163				1427
2022				1107
2212				1647
2445				1354
2146				1315
2257				1296
2158				1560
2172				1371
2423				1435
2323				1445
1862				1352
2175				1391
1987				1255
2260				1326
2151				1208
2049				1531
2071				1343
1798				1385
1967				1463
2800				1536
2231				1326
2236				1213
2156				1530
2228				1302
2447				1311
2504				1235
2446				1349
2138				1302
2391				1512
2379				1183
2123				1403
1899				1588
1693				1269
1702				1299
2648				1398
2119				1225
2482				1203
2532				1371
2379				1446
1925				1337
2458				1345
2181				1342
1930				1302
2695				1307
2009				1258
2143				1411
2656				1305
2173				1371
2183				1197
1964				1277
2177				1679
2251				1306
2677				1551
1723				1458
2275				1214
2065				1262
2316				1404
1756				1319
2060				1331
2202				1562
2419				1295
1918				1512
2501				1442
2001				1263
2004				1483
2096				1446
2224				1183
1849				1393
1948				1408
2393				1361
2062				1232
2388				1261
1701				1482
2052				1401
2298				1360
2251				1267
2069				1214
2100				1297
1967				1492
1930				1294
2132				1347
2116				1383
2586				1495
2280				1530
2258				1255
2313				1409
1650				1472
1864				1126
1928				1458
2450				1413
2371				1257
2368				1376
2192				1296
1496				1257
2196				1429
2366				1690
2422				1232
2431				1470
2184				1304
2228				1359
1962				1170
2029				1314
1859				1090
2428				1219
2445				1530
2276				1515
1944				1599
2215				1272
2346				1197
2082				1356
2220				1157
1905				1396
2401				1489
2221				1332
1644				1385
2554				1340
2086				1525
2108				1314
2292				1260
1887				1346
2530				1222
2118				1284
2117				1467
2451				1448
2268				1262
2007				1474
2653				1337
1950				1293
2001				1291
1593				1315
2231				1344
2148				1481
2235				1325
2089				1593
2340				1073
2384				1361
2445				1291
1869				1109
2323				1435
2227				1342
2181				1287
2053				1205
2057				1591
2070				1292
2155				1326
2196				1431
2541				1295
1808				1380
1721				1360
1659				1514
2412				1294
2004				1500
1905				1337
2414				1205
1678				1371
1864				1355
2153				1353
2001				1459
1906				1568
1958				1317
1810				1334
2118				1485
1862				1292
2373				1377
2002				1329
2233				1306
2121				1366
2473				1312
1944				1301
2470				1320
2386				1252
2059				1354
2199				1458
1712				1298
2351				1415
1771				1238
2506				1379
2019				1179
2152				1184
1659				1267
2187				1421
1764				1404
2169				1457
1819				1296
2103				1289
2338				1364
1932				1490
1962				1431
2339				1366
2084				1395
2469				1224
2396				1446
2843				1439
2505				1422
1708				1140
2348				1359
1794				1349
2189				1615
2337				1121
2300				1498
1997				1217
1786				1327
2057				1338
2267				1379
2348				1330
2592				1239
2174				1434
2492				1294
2381				1428
2374				1294
1921				1428
2602				1449
2337				1257
1913				1456
2513				1295
1690				1398
2029				1414
2171				1607
1691				1510
2263				1402
1898				1423
1645				1239
2134				1229
1819				1309
2393				1246
1880				1203
2142				1191
2011				1139
2098				1307
2400				1307
2194				1365
2163				1384
1921				1339
1937				1285
2141				1229
1782				1331
2394				1348
1939				1553
2545				1388
2157				1430
1659				1586
2134				1376
2078				1510
2160				1413
1761				1268
2030				1596
2330				1745
2058				1279
1914				1465
1773				1468
2109				1365
2138				1538
2764				1436
2054				1488
1867				1191
2313				1459
2383				1396
1922				1199
2298				1257
2075				1424
2221				1423
1865				1262
1967				1242
2149				1321
2576				1363
2343				1411
2257				1405
2044				1319
1999				1133
2532				1287
2196				1674
2083				1425
1701				1198
2035				1268
2344				1521
2331				1242
2209				1361
2202				1083
2200				1421
1848				1412
2055				1133
1593				1274
2182				1399
2259				1236
2472				1228
2512				1523

Melhor solução Hill Climbing: [21, 32, 44, 33, 12, 18, 25, 6, 37, 28, 42, 35, 14, 39, 0, 34, 4, 43, 7, 15, 8, 1, 20, 24, 2, 10, 46, 26, 22, 3, 9, 41, 17, 31, 49, 29, 19, 5, 13, 36, 23, 16, 11, 30, 40, 45, 38, 27, 47, 48, 21]
Menor distância Hill Climbing: 1496

Melhor solução Simulated Annealing: [21, 32, 44, 0, 6, 48, 25, 16, 1, 27, 38, 35, 12, 8, 31, 34, 4, 43, 17, 10, 20, 18, 5, 23, 14, 15, 13, 29, 49, 7, 9, 47, 3, 2, 19, 11, 46, 26, 22, 36, 24, 40, 42, 30, 37, 45, 39, 41, 33, 28, 21]
Menor distância Simulated Annealing: 1024